Case #1: 13 1 1 1 1 2 2 3 3 3 5 5 7 7
Case #2: 41 1 1 1 1 1 1 1 1 1 1 1 1 1 1 1 1 1 1 1 1 1 1 1 1 1 1 1 1 1 1 1 1 1 1 1 1 1 1 1 1 1
Case #3: 21 1 1 1 1 1 1 1 1 1 1 2 2 2 2 2 2 2 2 2 2 11
Case #4: -1
Case #5: 13 1 1 1 1 1 1 2 2 3 5 5 7 11
Case #6: -1
Case #7: 10 1 1 1 2 3 3 5 7 7 11
Case #8: 28 1 1 1 1 1 1 1 1 1 1 1 1 1 1 1 1 1 1 1 1 2 2 2 2 2 3 3 5
Case #9: 16 1 1 1 1 1 1 1 1 1 2 2 2 2 2 5 17
Case #10: 16 1 1 1 1 1 1 1 1 1 1 2 3 3 5 7 11
Case #11: 25 1 1 1 1 1 1 1 1 1 1 1 1 1 1 1 1 1 1 1 1 1 1 1 5 13
Case #12: -1
Case #13: 12 1 1 2 2 2 3 5 5 5 5 5 5
Case #14: 20 1 1 1 1 1 2 2 2 2 2 2 2 2 2 2 2 2 2 3 7
Case #15: 16 1 1 1 1 1 1 1 1 1 2 2 2 3 5 7 11
Case #16: 29 1 1 1 1 1 1 1 1 1 1 1 1 1 1 1 1 1 1 1 1 1 1 1 1 1 1 2 2 11
Case #17: 22 1 1 1 1 1 1 1 1 1 2 2 2 2 2 2 2 2 2 3 3 3 5
Case #18: 8 1 1 2 2 2 3 11 19
Case #19: 19 1 1 1 1 1 1 1 1 2 2 2 2 2 2 3 3 5 5 5
Case #20: 24 1 1 1 1 1 1 1 1 1 1 1 1 1 1 1 1 1 1 2 2 2 3 3 11
Case #21: 25 17 1 1 1 1 1 1 1 1 1 1 1 1 1 1 1 1 1 1 1 1 1 1 1 1
Case #22: 19 1 1 1 1 1 1 1 1 2 2 2 2 3 3 3 3 3 5 5
Case #23: 25 1 1 1 1 1 1 1 1 1 1 1 1 1 1 1 1 1 1 1 1 2 2 3 3 11
Case #24: -1
Case #25: -1
Case #26: -1
Case #27: 19 1 1 1 1 1 1 1 1 1 2 2 3 3 3 3 3 3 5 5
Case #28: -1
Case #29: 34 1 1 1 1 1 1 1 1 1 1 1 1 1 1 1 1 1 1 1 1 1 1 1 1 1 1 1 2 2 2 2 2 2 2
Case #30: 17 1 1 1 1 1 1 1 1 1 1 2 2 2 2 5 5 13
Case #31: -1
Case #32: 21 1 1 1 1 1 1 1 1 1 1 1 1 1 1 1 1 1 1 1 11 11
Case #33: 18 1 1 1 1 1 1 1 1 1 1 2 2 2 2 2 3 7 11
Case #34: -1
Case #35: -1
Case #36: 11 1 1 1 1 2 2 3 3 3 5 19
Case #37: -1
Case #38: 21 1 1 1 1 1 1 2 2 2 2 2 2 2 2 2 2 2 2 2 2 7
Case #39: 17 1 1 1 1 1 1 1 2 2 2 2 2 2 3 5 7 7
Case #40: 19 1 1 1 1 1 1 1 1 1 1 1 1 1 2 2 3 3 5 13
Case #41: 17 1 1 1 1 2 2 2 2 2 2 2 2 2 2 3 7 7
Case #42: 29 1 1 1 1 1 1 1 1 1 1 1 1 1 1 1 1 1 1 1 1 1 1 1 1 1 1 3 5 7
Case #43: 19 1 1 1 1 1 1 1 1 1 1 1 1 2 2 2 2 3 5 13
Case #44: 20 1 1 1 1 1 1 1 1 2 2 2 2 2 2 2 3 3 3 5 5
Case #45: -1
Case #46: 18 1 1 1 1 2 2 2 2 2 2 2 2 2 3 3 3 5 5
Case #47: 22 1 1 1 1 1 1 1 1 1 1 1 1 1 1 1 2 3 3 3 5 5 5
Case #48: 15 1 1 1 1 1 1 2 2 2 2 3 5 5 7 7
Case #49: 23 1 1 1 1 1 1 1 1 1 1 1 1 2 2 2 2 2 2 2 2 3 3 7
Case #50: 21 1 1 1 1 1 1 1 1 1 1 1 1 3 3 3 3 3 3 3 3 5
Case #51: 17 1 1 1 1 1 1 2 2 2 2 2 2 3 3 5 5 7
Case #52: 16 26 1 1 1 1 1 1 1 1 1 1 1 1 1 1 1
Case #53: 15 1 1 1 1 1 2 2 3 3 3 3 3 5 5 7
Case #54: 15 1 1 1 1 1 2 2 2 2 2 2 3 3 5 13
Case #55: -1
Case #56: 21 1 1 1 1 1 1 1 1 1 1 1 1 1 1 2 2 3 5 5 5 5
Case #57: 28 1 1 1 1 1 1 1 1 1 1 1 1 1 1 1 1 1 1 1 1 1 1 2 3 3 3 3 5
Case #58: -1
Case #59: 20 1 1 1 1 1 1 1 2 2 2 2 2 2 2 2 2 3 3 3 7
Case #60: 14 1 1 1 1 1 2 2 2 3 3 3 7 7 7
Case #61: 16 1 1 1 2 2 2 2 2 2 2 2 2 3 3 7 7
Case #62: 21 1 1 1 1 1 1 1 1 2 2 2 2 2 2 2 2 2 2 3 3 7
Case #63: 21 1 1 1 1 1 1 1 1 1 1 1 2 2 2 2 2 2 2 2 3 11
Case #64: -1
Case #65: 18 1 1 1 1 1 2 2 2 2 2 2 2 3 3 3 3 5 5
Case #66: 17 1 1 1 1 1 1 1 2 2 2 2 3 3 3 3 3 11
Case #67: 17 1 1 1 1 1 1 1 1 1 1 2 2 3 3 7 7 7
Case #68: 17 1 1 1 1 1 1 1 1 1 1 1 2 2 2 2 3 19
Case #69: 23 1 1 1 1 1 1 1 1 1 1 1 1 1 2 2 2 2 2 2 3 3 5 5
Case #70: 14 1 1 1 2 3 3 3 3 3 3 3 3 5 7
Case #71: 12 1 1 1 2 2 2 3 3 3 5 5 13
Case #72: 26 1 1 1 1 1 1 1 1 1 1 1 1 1 1 1 1 1 1 1 2 2 2 3 3 3 7
Case #73: 21 1 1 1 1 1 1 2 2 2 2 2 2 2 2 2 2 3 3 3 3 3
Case #74: -1
Case #75: 22 1 1 1 1 1 1 1 1 1 1 2 2 2 2 2 2 2 2 2 3 3 7
Case #76: 16 1 1 1 1 2 2 2 2 2 2 2 3 5 5 5 5
Case #77: 28 1 1 1 1 1 1 1 1 1 1 1 1 1 1 1 1 1 2 2 2 2 2 2 2 2 2 3 3
Case #78: 35 1 1 1 1 1 1 1 1 1 1 1 1 1 1 1 1 1 1 1 1 1 1 1 1 1 1 1 1 1 1 2 2 2 2 3
Case #79: -1
Case #80: 20 22 1 1 1 1 1 1 1 1 1 1 1 1 1 1 1 1 1 1 1
Case #81: 15 1 1 1 1 2 2 2 2 2 2 2 2 3 5 13
Case #82: 28 1 1 1 1 1 1 1 1 1 1 1 1 1 1 1 1 1 1 1 1 1 1 1 1 1 2 7 7
Case #83: 23 1 1 1 1 1 1 1 1 1 1 1 2 2 2 2 2 2 2 2 2 2 3 7
Case #84: 25 1 1 1 1 1 1 1 1 1 1 1 1 1 1 1 1 2 2 3 3 3 3 3 3 3
Case #85: 13 1 1 1 1 1 1 1 1 1 1 7 11 13
Case #86: 25 1 1 1 1 1 1 1 1 1 1 1 1 1 1 1 1 2 2 2 2 3 3 3 3 5
Case #87: -1
Case #88: 19 1 1 1 1 1 1 1 1 2 2 2 2 2 2 2 2 5 5 7
Case #89: 18 1 1 1 1 1 1 1 1 1 2 3 3 3 3 3 3 5 7
Case #90: 13 1 1 1 1 1 2 2 2 2 3 3 3 19
Case #91: 39 3 1 1 1 1 1 1 1 1 1 1 1 1 1 1 1 1 1 1 1 1 1 1 1 1 1 1 1 1 1 1 1 1 1 1 1 1 1 1
Case #92: 15 1 1 1 1 1 1 1 1 1 2 2 2 2 7 17
Case #93: -1
Case #94: 15 1 1 1 2 2 2 2 2 2 2 2 3 3 5 11
Case #95: 19 1 1 1 1 1 1 1 1 1 1 2 2 2 2 2 2 3 5 11
Case #96: 16 1 1 1 1 2 2 2 2 2 2 2 3 3 3 7 7
Case #97: 24 1 1 1 1 1 1 1 1 1 1 2 2 2 2 2 2 2 2 2 2 2 2 2 5
Case #98: 13 1 1 1 1 2 2 2 2 2 2 3 5 17
Case #99: 18 1 1 1 1 2 2 2 2 2 2 2 2 2 2 2 3 5 7
Case #100: 10 1 1 1 2 3 3 3 3 5 19
Case #101: 33 1 1 1 1 1 1 1 1 1 1 1 1 1 1 1 1 1 1 1 1 1 1 1 1 1 1 1 1 1 1 3 3 5
Case #102: 19 1 1 1 1 2 2 2 2 2 2 2 2 2 2 2 2 3 5 5
Case #103: 25 1 1 1 1 1 1 1 1 1 1 1 1 1 1 1 1 1 2 2 2 2 3 3 3 7
Case #104: 17 1 1 1 1 1 1 1 1 1 2 2 2 2 2 2 7 13
Case #105: 12 1 1 2 2 2 2 2 3 5 5 5 11
Case #106: 16 1 1 1 1 2 2 2 2 2 3 3 3 3 3 5 7
Case #107: -1
Case #108: 21 1 1 1 1 1 1 1 1 2 2 2 2 2 2 3 3 3 3 3 3 3
Case #109: 14 1 1 1 1 2 2 2 2 2 3 3 3 7 11
Case #110: 18 1 1 1 1 1 1 2 2 2 2 2 2 2 2 2 3 3 11
Case #111: -1
Case #112: 15 1 1 1 2 2 2 2 2 2 3 3 5 5 5 5
Case #113: 17 1 1 1 1 1 1 1 1 1 2 2 3 3 3 3 5 11
Case #114: 8 1 1 1 2 2 2 3 29
Case #115: 19 1 1 1 1 1 1 1 1 1 3 3 3 3 3 3 3 3 3 5
Case #116: -1
Case #117: 33 1 1 1 1 1 1 1 1 1 1 1 1 1 1 1 1 1 1 1 1 1 1 1 1 1 1 2 2 2 2 2 2 3
Case #118: 17 1 1 1 1 1 1 1 1 2 2 2 2 5 5 5 5 5
Case #119: 16 1 1 1 2 2 2 2 2 2 2 3 3 3 5 5 5
Case #120: 28 1 1 1 1 1 1 1 1 1 1 1 1 1 1 1 1 1 1 1 1 1 1 2 2 2 3 3 7
Case #121: 19 1 1 1 1 1 1 1 1 1 1 1 2 2 2 2 3 3 3 13
Case #122: -1
Case #123: 19 1 1 1 1 1 1 1 1 1 1 1 1 1 1 1 1 1 5 19
Case #124: 32 1 1 1 1 1 1 1 1 1 1 1 1 1 1 1 1 1 1 1 1 1 1 1 1 1 2 2 2 2 2 3 3
Case #125: 15 1 1 1 1 1 1 1 1 2 2 2 2 3 11 11
Case #126: 25 1 1 1 1 1 1 1 1 1 1 1 1 1 1 1 1 1 1 1 3 3 3 3 3 7
Case #127: 37 5 1 1 1 1 1 1 1 1 1 1 1 1 1 1 1 1 1 1 1 1 1 1 1 1 1 1 1 1 1 1 1 1 1 1 1 1
Case #128: 24 1 1 1 1 1 1 1 1 1 1 1 1 1 1 1 1 2 3 3 3 3 3 3 5
Case #129: 25 1 1 1 1 1 1 1 1 1 1 2 2 2 2 2 2 2 2 2 2 2 2 2 2 3
Case #130: 22 1 1 1 1 1 1 1 1 1 1 2 2 2 2 2 3 3 3 3 3 3 3
Case #131: 31 1 1 1 1 1 1 1 1 1 1 1 1 1 1 1 1 1 1 1 1 1 1 1 2 2 2 2 2 2 3 3
Case #132: 16 1 1 1 1 1 1 1 1 1 1 2 3 3 3 7 13
Case #133: -1
Case #134: 24 1 1 1 1 1 1 1 1 1 2 2 2 2 2 2 2 2 2 2 2 2 2 3 3
Case #135: 32 1 1 1 1 1 1 1 1 1 1 1 1 1 1 1 1 1 1 1 1 1 1 1 1 1 1 2 2 2 2 2 5
Case #136: 22 1 1 1 1 1 1 1 1 1 1 1 1 1 2 2 2 3 3 3 3 5 5
Case #137: -1
Case #138: 22 1 1 1 1 1 1 1 1 1 1 1 2 2 2 2 2 2 2 3 3 3 7
Case #139: 21 1 1 1 1 1 1 1 1 1 1 1 1 1 2 2 3 3 3 3 5 7
Case #140: -1
Case #141: 19 1 1 1 1 1 1 2 2 2 2 2 2 2 2 3 3 3 3 7
Case #142: 26 1 1 1 1 1 1 1 1 1 1 1 2 2 2 2 2 2 2 2 2 2 2 2 2 2 2
Case #143: 21 1 1 1 1 1 1 1 1 2 2 2 2 2 2 2 2 3 3 3 3 5
Case #144: 10 1 1 1 2 3 3 3 5 11 11
Case #145: 26 1 1 1 1 1 1 1 1 1 1 1 1 1 1 1 1 2 2 2 2 2 2 2 2 2 7
Case #146: 26 1 1 1 1 1 1 1 1 1 1 1 1 1 1 1 1 1 1 1 2 2 2 3 3 5 5
Case #147: 26 1 1 1 1 1 1 1 1 1 1 1 1 1 1 2 2 2 2 2 2 2 2 2 3 3 3
Case #148: 15 1 1 1 1 1 2 2 2 2 3 5 5 5 5 5
Case #149: 34 1 1 1 1 1 1 1 1 1 1 1 1 1 1 1 1 1 1 1 1 1 1 1 1 1 1 1 1 1 2 2 2 3 3
Case #150: 16 1 1 1 1 1 2 2 2 3 3 3 3 3 5 5 5
Case #151: 15 1 1 1 2 2 2 2 3 3 3 3 3 3 5 7
Case #152: 26 1 1 1 1 1 1 1 1 1 1 1 1 1 1 1 1 1 1 1 1 1 2 3 3 5 7
Case #153: 19 1 1 1 1 1 1 1 1 1 1 1 2 2 2 2 3 3 5 11
Case #154: 15 1 1 1 1 1 1 1 1 2 2 2 2 7 7 11
Case #155: 26 1 1 1 1 1 1 1 1 1 1 1 1 1 1 1 2 2 2 2 2 2 2 2 2 3 5
Case #156: -1
Case #157: 17 1 1 1 1 1 1 2 2 2 2 3 3 3 3 5 5 5
Case #158: -1
Case #159: 15 1 1 1 1 1 1 2 2 2 2 3 3 7 7 7
Case #160: 28 1 1 1 1 1 1 1 1 1 1 1 1 1 1 1 1 1 1 1 1 1 1 1 1 1 2 3 11
Case #161: -1
Case #162: 17 1 1 1 1 1 1 1 1 1 1 1 1 2 2 7 7 11
Case #163: -1
Case #164: 25 1 1 1 1 1 1 1 1 1 1 1 1 1 1 1 1 1 1 2 2 3 3 3 3 7
Case #165: 25 1 1 1 1 1 1 1 1 1 1 1 1 1 1 1 1 1 1 2 2 2 2 5 5 5
Case #166: -1
Case #167: -1
Case #168: 15 1 1 1 1 2 2 2 2 2 2 2 2 3 7 11
Case #169: 21 1 1 1 1 1 1 1 1 1 1 1 1 1 2 2 2 2 3 3 3 11
Case #170: -1
Case #171: 3 1 17 23
Case #172: 13 1 1 1 1 1 2 2 2 2 3 3 5 17
Case #173: 17 1 1 1 1 1 1 1 1 1 1 1 2 2 3 5 7 11
Case #174: 11 1 1 2 2 2 2 3 5 5 5 13
Case #175: 16 1 1 1 1 1 1 2 2 2 3 3 3 5 5 5 5
Case #176: -1
Case #177: 17 1 1 1 1 1 2 2 2 2 2 2 3 3 3 3 5 7
Case #178: 26 1 1 1 1 1 1 1 1 1 1 1 1 1 1 1 1 2 2 2 2 2 2 2 3 3 5
Case #179: 17 1 1 1 1 1 2 2 2 2 2 2 3 3 3 5 5 5
Case #180: 16 1 1 1 1 1 1 2 2 2 3 3 3 3 3 3 11
Case #181: 16 1 1 1 1 1 2 2 2 2 2 2 2 3 3 5 11
Case #182: 18 1 1 1 1 1 2 2 2 2 2 2 2 2 2 3 3 5 7
Case #183: 5 1 1 1 19 19
Case #184: 21 1 2 2 2 2 2 2 2 2 2 2 2 2 2 2 2 2 2 2 2 2
Case #185: 14 1 1 1 1 1 1 1 2 3 3 5 5 5 11
Case #186: 11 1 1 2 2 2 2 3 7 7 7 7
Case #187: -1
Case #188: 15 1 1 1 1 1 1 1 1 1 1 1 1 1 5 23
Case #189: -1
Case #190: 20 1 1 1 1 1 1 1 1 1 1 2 2 2 3 3 3 3 3 3 7
Case #191: 15 1 1 1 1 2 2 2 2 2 2 3 3 3 5 11
Case #192: 28 1 1 1 1 1 1 1 1 1 1 1 1 1 1 1 1 1 1 1 1 2 2 2 3 3 3 3 3
Case #193: 38 4 1 1 1 1 1 1 1 1 1 1 1 1 1 1 1 1 1 1 1 1 1 1 1 1 1 1 1 1 1 1 1 1 1 1 1 1 1
Case #194: 12 1 1 2 2 2 2 2 3 5 7 7 7
Case #195: 29 1 1 1 1 1 1 1 1 1 1 1 1 1 1 1 1 1 1 1 1 2 2 2 2 2 2 3 3 3
Case #196: 18 1 1 1 1 1 1 1 2 2 2 2 2 2 2 3 3 7 7
Case #197: 22 1 1 1 1 1 1 1 1 1 1 1 1 2 2 2 2 2 2 2 3 5 7
Case #198: 22 1 1 1 1 1 1 1 1 2 2 2 2 2 2 2 2 2 2 2 3 3 5
Case #199: 30 1 1 1 1 1 1 1 1 1 1 1 1 1 1 1 1 1 1 1 1 1 1 1 1 2 2 2 2 2 7
Case #200: 20 1 1 1 1 1 1 1 1 1 1 1 1 1 1 2 2 2 3 7 11
Case #201: 23 1 1 1 1 1 1 2 2 2 2 2 2 2 2 2 2 2 2 2 2 2 2 3
Case #202: 12 1 1 1 2 2 2 2 2 3 3 11 11
Case #203: 24 1 1 1 1 1 1 1 1 1 1 1 1 1 1 1 2 3 3 3 3 3 3 3 3
Case #204: 10 32 1 1 1 1 1 1 1 1 1
Case #205: -1
Case #206: 16 1 1 1 2 2 2 2 2 2 2 2 2 3 5 5 7
Case #207: -1
Case #208: 14 1 1 1 1 1 1 2 2 2 2 2 5 7 13
Case #209: 13 1 1 2 2 2 2 2 2 2 2 3 7 13
Case #210: 11 31 1 1 1 1 1 1 1 1 1 1
Case #211: 14 1 1 1 1 2 2 2 2 2 2 2 3 7 13
Case #212: 31 1 1 1 1 1 1 1 1 1 1 1 1 1 1 1 1 1 1 1 1 1 1 1 1 1 1 1 2 2 3 7
Case #213: 23 1 1 1 1 1 1 1 1 1 2 2 2 2 2 2 2 2 2 2 2 2 3 5
Case #214: 16 1 1 1 1 1 2 2 2 2 2 2 2 3 5 7 7
Case #215: -1
Case #216: 20 1 1 1 1 1 1 1 1 1 1 1 1 2 2 2 3 3 3 3 11
Case #217: -1
Case #218: 21 1 1 1 1 1 1 1 1 1 1 1 2 2 2 2 3 3 3 3 5 5
Case #219: -1
Case #220: 17 1 1 1 1 1 1 2 2 2 2 2 2 3 5 5 5 5
Case #221: 20 1 1 1 1 1 1 2 2 2 2 2 2 2 2 2 2 2 3 5 5
Case #222: 18 1 1 1 1 1 1 1 1 1 1 1 2 2 2 2 2 3 17
Case #223: -1
Case #224: 27 1 1 1 1 1 1 1 1 1 1 1 1 1 1 1 1 1 1 1 1 1 2 2 3 3 5 5
Case #225: 18 1 1 1 1 1 2 2 2 2 2 3 3 3 3 3 3 3 5
Case #226: 18 1 1 1 1 1 1 1 1 2 2 2 2 2 3 3 5 5 7
Case #227: 11 1 1 2 2 2 2 3 5 5 7 11
Case #228: -1
Case #229: 11 1 1 2 2 2 2 2 2 3 7 17
Case #230: 28 1 1 1 1 1 1 1 1 1 1 1 1 1 1 1 1 1 1 1 2 2 2 2 2 2 2 3 5
Case #231: 22 1 1 1 1 1 1 1 1 1 1 1 1 1 1 1 1 2 2 2 5 7 7
Case #232: 15 1 1 1 1 1 1 1 1 2 2 3 3 5 7 11
Case #233: 21 1 1 1 1 1 1 1 1 1 1 1 2 2 2 2 2 2 2 2 7 7
Case #234: 19 1 1 1 1 1 1 1 1 2 2 3 3 3 3 3 3 3 3 5
Case #235: -1
Case #236: 10 1 1 1 1 1 2 3 3 5 23
Case #237: -1
Case #238: 32 1 1 1 1 1 1 1 1 1 1 1 1 1 1 1 1 1 1 1 1 1 1 1 1 1 1 1 1 2 2 2 7
Case #239: 19 1 1 1 1 1 1 1 1 1 2 2 2 2 3 3 3 3 5 7
Case #240: 15 1 1 1 1 2 2 2 2 2 2 5 5 5 5 5
Case #241: -1
Case #242: 23 1 1 1 1 1 1 1 1 1 1 1 2 2 2 2 2 2 2 2 2 2 5 5
Case #243: 16 1 1 1 1 2 2 2 2 2 2 2 3 3 5 5 7
Case #244: 19 1 1 1 1 1 1 1 1 1 2 2 2 2 2 2 3 3 3 11
Case #245: 17 1 1 1 1 1 1 1 1 1 1 1 2 2 3 3 3 17
Case #246: 20 1 1 1 1 1 1 1 1 2 2 2 3 3 3 3 3 3 3 3 3
Case #247: -1
Case #248: 22 1 1 1 1 1 1 1 1 1 1 1 2 2 2 3 3 3 3 3 3 3 3
Case #249: 16 1 1 1 1 1 2 2 2 2 2 3 3 5 5 5 5
Case #250: 16 1 1 1 1 1 2 2 2 2 2 3 3 3 5 5 7
Case #251: -1
Case #252: 13 1 1 2 2 2 2 2 2 3 5 5 7 7
Case #253: 22 1 1 1 1 1 1 1 1 1 1 1 1 1 1 2 2 2 2 2 5 5 7
Case #254: 27 1 1 1 1 1 1 1 1 1 1 1 1 1 1 1 1 1 1 1 1 1 1 2 2 3 5 7
Case #255: 24 1 1 1 1 1 1 1 1 1 1 1 1 1 1 1 1 1 1 2 3 3 3 5 7
Case #256: 27 1 1 1 1 1 1 1 1 1 1 1 1 1 1 1 1 1 1 2 2 2 2 2 2 3 3 5
Case #257: 21 1 1 1 1 1 1 1 2 2 2 2 2 2 2 2 3 3 3 3 3 3
Case #258: -1
Case #259: 22 1 1 1 1 1 1 1 1 1 1 1 1 2 2 2 2 2 3 3 3 5 5
Case #260: 15 1 1 1 1 2 2 3 3 3 3 3 3 3 5 7
Case #261: 2 40 1
Case #262: 22 1 1 1 1 1 1 1 1 1 1 1 1 1 1 1 2 2 2 3 3 3 11
Case #263: 23 1 1 1 1 1 1 1 1 1 1 1 1 1 2 2 2 2 2 2 3 3 3 7
Case #264: 23 1 1 1 1 1 1 1 1 1 1 1 1 2 2 2 2 2 2 3 3 3 3 5
Case #265: -1
Case #266: 15 1 1 1 1 1 2 2 2 2 3 3 3 3 3 13
Case #267: 22 1 1 1 1 1 2 2 2 2 2 2 2 2 2 2 2 2 2 2 2 3 3
Case #268: 13 1 1 1 2 2 2 2 3 3 3 5 5 11
Case #269: 12 1 1 1 2 2 2 2 2 3 5 7 13
Case #270: 12 1 1 1 2 2 2 3 3 3 5 7 11
Case #271: 16 1 1 1 1 1 1 1 2 3 3 3 3 3 5 5 7
Case #272: -1
Case #273: 17 1 1 1 1 1 1 1 1 2 2 2 2 3 3 3 5 11
Case #274: 16 1 1 1 2 2 2 2 2 2 2 3 3 3 3 5 7
Case #275: 31 11 1 1 1 1 1 1 1 1 1 1 1 1 1 1 1 1 1 1 1 1 1 1 1 1 1 1 1 1 1 1
Case #276: 22 1 1 1 1 1 1 1 1 1 1 1 2 2 2 2 2 2 2 2 2 5 7
Case #277: 18 1 1 1 1 1 1 1 2 3 3 3 3 3 3 3 3 3 5
Case #278: 23 1 1 1 1 1 1 1 1 2 2 2 2 2 2 2 2 2 2 2 2 3 3 3
Case #279: 22 1 1 1 1 2 2 2 2 2 2 2 2 2 2 2 2 2 2 2 2 2 3
Case #280: 27 15 1 1 1 1 1 1 1 1 1 1 1 1 1 1 1 1 1 1 1 1 1 1 1 1 1 1
Case #281: 14 1 1 1 2 2 2 2 2 3 3 3 5 7 7
Case #282: 33 1 1 1 1 1 1 1 1 1 1 1 1 1 1 1 1 1 1 1 1 1 1 1 1 1 1 1 1 1 2 2 3 5
Case #283: 12 1 1 1 2 3 3 5 5 5 5 5 5
Case #284: 22 1 1 1 1 1 1 2 2 2 2 2 2 2 2 2 2 2 2 2 2 2 5
Case #285: 17 1 1 1 1 1 1 1 1 2 2 3 3 3 3 3 7 7
Case #286: 24 1 1 1 1 1 1 1 1 1 1 1 1 2 2 2 2 2 2 2 2 2 2 2 7
Case #287: 24 1 1 1 1 1 1 1 1 1 1 1 1 1 1 1 1 2 2 2 2 2 5 5 5
Case #288: -1
Case #289: 16 1 1 1 1 1 2 2 2 2 2 2 2 5 5 5 7
Case #290: 26 1 1 1 1 1 1 1 1 1 1 1 1 2 2 2 2 2 2 2 2 2 2 2 2 2 3
Case #291: 14 1 1 1 2 2 2 2 2 2 2 3 5 5 11
Case #292: -1
Case #293: 16 1 1 1 1 1 1 1 1 1 2 2 2 2 2 3 19
Case #294: 21 1 1 2 2 2 2 2 2 2 2 2 2 2 2 2 2 2 2 2 2 3
Case #295: -1
Case #296: 19 1 1 1 2 2 2 2 2 2 2 2 2 2 2 2 3 3 3 5
Case #297: -1
Case #298: 19 1 1 1 1 1 1 2 2 2 2 2 2 2 2 2 2 5 5 5
Case #299: 14 1 1 1 1 2 2 2 2 2 2 2 5 5 13
Case #300: 28 1 1 1 1 1 1 1 1 1 1 1 1 1 1 1 1 1 1 2 2 2 2 2 2 2 3 3 3
Case #301: -1
Case #302: 24 18 1 1 1 1 1 1 1 1 1 1 1 1 1 1 1 1 1 1 1 1 1 1 1
Case #303: 24 1 1 1 1 1 1 1 1 1 1 1 1 1 1 1 1 1 1 2 3 3 5 5 5
Case #304: 21 1 1 1 1 1 1 1 1 1 1 1 1 1 1 1 3 3 3 5 5 7
Case #305: 17 1 1 1 1 1 1 1 1 1 1 2 2 3 3 3 7 11
Case #306: 17 1 1 1 1 1 2 2 2 2 2 2 2 2 3 3 7 7
Case #307: 19 1 1 1 1 1 1 1 1 1 1 2 2 2 2 3 3 3 7 7
Case #308: 18 1 1 1 1 1 1 1 1 1 2 2 2 3 3 5 5 5 5
Case #309: 22 1 1 1 2 2 2 2 2 2 2 2 2 2 2 2 2 2 2 2 2 2 2
Case #310: -1
Case #311: 15 1 1 1 2 2 2 2 2 2 3 3 3 5 5 7
Case #312: 19 1 1 1 1 1 1 1 1 1 1 2 2 2 2 3 3 5 5 7
Case #313: 14 1 1 1 1 1 1 2 3 3 3 3 5 5 11
Case #314: 4 1 1 2 37
Case #315: 24 1 1 1 1 1 1 1 1 1 1 1 1 1 2 2 2 2 2 2 2 2 2 3 7
Case #316: 27 1 1 1 1 1 1 1 1 1 1 1 1 1 1 1 1 1 1 1 1 1 3 3 3 3 3 5
Case #317: 20 1 1 1 1 1 1 1 1 2 2 2 2 2 2 2 3 3 3 3 7
Case #318: 31 1 1 1 1 1 1 1 1 1 1 1 1 1 1 1 1 1 1 1 1 1 1 2 2 2 2 2 2 2 2 3
Case #319: 26 1 1 1 1 1 1 1 1 1 1 1 1 1 1 1 1 2 2 2 2 2 3 3 3 3 3
Case #320: 16 1 1 1 1 1 1 2 2 2 2 2 3 5 5 5 7
Case #321: -1
Case #322: -1
Case #323: -1
Case #324: 11 1 1 2 2 2 2 2 2 3 11 13
Case #325: -1
Case #326: 7 1 1 1 5 7 7 19
Case #327: 25 1 1 1 1 1 1 1 1 1 1 1 1 1 1 1 1 1 1 3 3 3 3 3 3 5
Case #328: 14 1 1 1 1 1 1 1 2 3 3 3 5 5 13
Case #329: 26 1 1 1 1 1 1 1 1 1 1 1 1 1 1 1 1 1 1 2 3 3 3 3 3 3 3
Case #330: 12 1 1 1 1 1 2 2 2 3 3 5 19
Case #331: 12 1 1 1 2 2 2 3 3 5 7 7 7
Case #332: 26 1 1 1 1 1 1 1 1 1 1 1 1 1 1 1 1 1 1 1 2 3 3 3 3 3 5
Case #333: -1
Case #334: 13 1 1 1 1 1 2 2 3 3 3 3 3 17
Case #335: 14 1 1 1 1 2 2 2 2 2 2 2 5 7 11
Case #336: 18 1 1 1 1 1 1 1 2 2 2 2 2 3 3 3 3 5 7
Case #337: -1
Case #338: 18 1 1 1 1 1 1 2 2 2 2 2 2 2 3 3 5 5 5
Case #339: 16 1 1 1 1 1 1 1 1 1 2 2 2 5 5 5 11
Case #340: 20 1 1 1 1 1 1 2 2 2 2 2 2 2 3 3 3 3 3 3 3
Case #341: 18 1 1 1 1 1 1 1 1 2 2 2 3 3 3 3 5 5 5
Case #342: 21 1 1 1 1 1 1 2 2 2 2 2 2 2 2 2 2 2 2 3 3 5
Case #343: 22 1 1 1 1 1 1 1 1 1 1 1 1 1 1 1 2 2 2 3 5 5 7
Case #344: 29 1 1 1 1 1 1 1 1 1 1 1 1 1 1 1 1 1 1 1 1 1 1 1 1 2 2 3 5 5
Case #345: 20 1 1 1 1 1 1 1 1 1 1 1 1 1 2 3 3 3 3 3 11
Case #346: 18 1 1 1 1 1 1 1 1 1 1 1 1 1 2 3 5 7 11
Case #347: 21 1 1 1 1 1 1 1 2 2 2 2 2 2 2 2 2 2 2 2 3 7
Case #348: 21 1 1 1 2 2 2 2 2 2 2 2 2 2 2 2 2 2 2 2 3 3
Case #349: 28 14 1 1 1 1 1 1 1 1 1 1 1 1 1 1 1 1 1 1 1 1 1 1 1 1 1 1 1
Case #350: 29 13 1 1 1 1 1 1 1 1 1 1 1 1 1 1 1 1 1 1 1 1 1 1 1 1 1 1 1 1
Case #351: 22 1 1 1 1 1 1 1 1 1 1 1 2 2 2 2 2 3 3 3 3 3 5
Case #352: 18 1 1 1 1 1 1 2 2 2 2 2 2 2 2 2 3 7 7
Case #353: 16 1 1 1 1 1 1 1 2 2 2 3 3 3 3 5 11
Case #354: 17 1 1 1 1 1 1 2 2 2 2 2 2 3 3 3 3 11
Case #355: 16 1 1 1 2 2 2 2 2 3 3 3 3 3 3 5 5
Case #356: -1
Case #357: 12 1 1 2 2 2 2 2 2 2 3 11 11
Case #358: 18 1 1 1 1 1 1 1 1 1 2 2 2 3 3 3 3 3 11
Case #359: -1
Case #360: 19 1 1 1 1 1 1 1 1 1 1 1 2 2 3 3 5 5 5 5
Case #361: 10 1 1 1 1 2 2 2 3 11 17
Case #362: 25 1 1 1 1 1 1 1 1 1 1 1 1 1 1 1 1 2 2 2 2 2 2 3 3 7
Case #363: 21 1 1 1 1 1 1 1 1 2 2 2 2 2 2 2 2 2 2 3 5 5
Case #364: 28 1 1 1 1 1 1 1 1 1 1 1 1 1 1 1 1 1 1 2 2 2 2 2 2 2 2 2 5
Case #365: -1
Case #366: 26 1 1 1 1 1 1 1 1 1 1 1 1 1 1 1 1 1 1 2 2 2 3 3 3 3 5
Case #367: 32 1 1 1 1 1 1 1 1 1 1 1 1 1 1 1 1 1 1 1 1 1 1 1 1 1 1 1 1 1 2 5 5
Case #368: -1
Case #369: 10 1 1 2 2 2 2 2 3 7 19
Case #370: 22 1 1 1 1 1 1 1 1 1 2 2 2 2 2 2 2 3 3 3 3 3 3
Case #371: 19 1 1 1 1 1 1 1 2 2 2 2 2 2 3 3 3 3 5 5
Case #372: 6 2 3 5 7 11 13
Case #373: 18 1 1 1 1 1 1 2 2 2 3 3 3 3 3 3 3 3 5
Case #374: 17 1 1 1 1 1 1 1 1 1 2 2 2 2 2 2 3 17
Case #375: 17 1 1 1 1 1 1 1 1 1 1 2 2 3 5 5 7 7
Case #376: 17 1 1 1 1 1 1 1 1 2 2 3 3 3 5 5 5 5
Case #377: 27 1 1 1 1 1 1 1 1 1 1 1 1 1 1 1 1 1 1 1 1 1 1 3 3 3 3 7
Case #378: 13 29 1 1 1 1 1 1 1 1 1 1 1 1
Case #379: 22 1 1 1 1 1 1 1 1 1 1 1 1 1 2 3 3 3 3 3 3 3 5
Case #380: 25 1 1 1 1 1 1 1 1 1 1 1 1 1 1 2 2 2 2 2 2 3 3 3 3 3
Case #381: 19 1 1 1 1 1 1 1 1 1 2 2 2 2 3 3 3 5 5 5
Case #382: -1
Case #383: 26 1 1 1 1 1 1 1 1 1 1 1 1 1 1 1 1 1 1 1 1 1 1 1 2 5 11
Case #384: 21 1 1 1 1 1 1 1 1 1 1 1 1 1 1 2 2 2 2 3 5 11
Case #385: 29 1 1 1 1 1 1 1 1 1 1 1 1 1 1 1 1 1 1 1 1 1 1 1 1 1 3 3 3 7
Case #386: 13 1 1 1 1 2 2 2 2 2 2 3 11 11
Case #387: 25 1 1 1 1 1 1 1 1 1 1 1 1 1 1 1 1 1 2 2 2 2 3 3 5 5
Case #388: 15 1 1 1 1 1 2 2 2 2 2 2 2 2 3 17
Case #389: 24 1 1 1 1 1 1 1 1 1 1 1 1 1 2 2 2 2 2 2 2 2 2 5 5
Case #390: 13 1 1 1 1 1 1 2 2 3 3 5 7 13
Case #391: 20 1 1 1 1 1 2 2 2 2 2 2 2 2 2 2 2 3 3 3 5
Case #392: 14 1 1 1 1 2 2 2 2 2 3 3 3 5 13
Case #393: -1
Case #394: 21 1 1 1 1 1 1 1 1 1 1 1 2 2 3 3 3 3 3 3 3 5
Case #395: -1
Case #396: 22 1 1 1 1 1 1 1 1 1 1 1 2 2 2 2 2 2 2 3 3 5 5
Case #397: 13 1 1 1 1 1 1 1 1 1 1 5 7 19
Case #398: 26 1 1 1 1 1 1 1 1 1 1 1 1 1 1 1 1 1 1 1 1 1 1 2 2 2 13
Case #399: -1
Case #400: 21 1 1 1 1 1 1 1 1 1 1 2 2 2 2 3 3 3 3 3 3 5
Case #401: -1
Case #402: 29 1 1 1 1 1 1 1 1 1 1 1 1 1 1 1 1 1 1 1 1 1 1 1 1 1 1 5 5 5
Case #403: -1
Case #404: -1
Case #405: 20 1 1 1 1 1 1 1 1 1 1 1 2 2 2 3 3 3 3 5 7
Case #406: 16 1 1 2 2 2 2 2 2 2 2 2 2 2 3 7 7
Case #407: 15 1 1 1 1 2 2 2 2 2 2 3 3 5 7 7
Case #408: 15 1 1 1 1 2 2 2 2 2 2 2 2 5 5 11
Case #409: 18 1 1 1 1 1 1 1 1 1 1 1 2 3 3 5 5 5 7
Case #410: 25 1 1 1 1 1 1 1 1 1 1 1 1 1 2 2 2 2 2 2 2 2 3 3 3 3
Case #411: 24 1 1 1 1 1 1 1 1 1 1 1 1 1 1 2 2 2 2 2 3 3 3 3 5
Case #412: 24 1 1 1 1 1 1 1 1 1 1 2 2 2 2 2 2 2 2 2 2 2 3 3 3
Case #413: 18 1 1 1 1 1 1 1 1 2 2 2 3 3 3 3 3 5 7
Case #414: 8 34 1 1 1 1 1 1 1
Case #415: 21 1 1 1 1 1 1 1 1 1 1 1 1 2 2 2 2 3 3 5 5 5
Case #416: 22 1 1 1 1 1 1 1 1 1 1 2 2 2 2 2 2 2 2 2 3 5 5
Case #417: 24 1 1 1 1 1 1 1 1 1 1 1 1 1 1 1 1 2 2 2 3 3 3 3 7
Case #418: 13 1 1 1 1 1 2 2 3 3 5 7 7 7
Case #419: 32 1 1 1 1 1 1 1 1 1 1 1 1 1 1 1 1 1 1 1 1 1 1 1 1 1 1 2 2 2 3 3 3
Case #420: 18 1 1 1 1 1 2 2 2 2 2 2 2 3 3 3 3 3 7
Case #421: 12 1 1 1 1 1 2 3 3 5 5 5 13
Case #422: 15 1 1 1 1 1 2 2 2 2 3 3 3 5 7 7
Case #423: 19 1 1 1 1 1 1 1 1 1 1 1 1 2 2 3 3 3 5 11
Case #424: -1
Case #425: 24 1 1 1 1 1 1 1 1 1 1 1 1 1 1 1 1 2 2 2 2 2 3 5 7
Case #426: 19 1 1 1 1 1 1 1 1 1 1 2 2 3 3 3 3 3 5 7
Case #427: 9 33 1 1 1 1 1 1 1 1
Case #428: 21 1 1 1 1 1 1 1 1 1 1 1 1 1 1 2 2 3 3 5 5 7
Case #429: 11 1 1 1 2 2 2 2 3 3 5 19
Case #430: -1
Case #431: 19 23 1 1 1 1 1 1 1 1 1 1 1 1 1 1 1 1 1 1
Case #432: 22 1 1 1 1 1 1 1 1 1 1 1 1 1 1 1 1 1 1 1 2 3 17
Case #433: 25 1 1 1 1 1 1 1 1 1 1 1 1 1 1 1 1 1 1 2 2 2 2 3 5 7
Case #434: 15 1 1 1 1 1 1 2 2 3 3 3 5 5 5 7
Case #435: -1
Case #436: 22 1 1 1 1 1 1 1 1 1 1 1 1 1 1 2 3 3 3 3 3 5 5
Case #437: 21 1 1 1 1 1 1 1 1 1 1 1 1 1 1 1 1 1 1 1 5 17
Case #438: 18 1 1 1 1 1 1 1 1 1 1 2 2 2 3 5 5 5 7
Case #439: 13 1 1 1 1 1 2 2 3 3 3 3 7 13
Case #440: -1
Case #441: 25 1 1 1 1 1 1 1 1 1 1 1 1 1 1 1 1 1 1 1 3 3 3 3 5 5
Case #442: 10 1 1 1 1 2 3 3 5 5 19
Case #443: 22 1 1 1 1 1 1 1 1 2 2 2 2 2 2 2 2 2 2 2 2 2 7
Case #444: 10 1 1 1 2 2 2 3 7 11 11
Case #445: 25 1 1 1 1 1 1 1 1 1 1 1 1 1 1 1 1 1 1 1 1 1 1 1 7 11
Case #446: -1
Case #447: 22 1 1 1 1 1 1 1 1 2 2 2 2 2 2 2 2 2 3 3 3 3 3
Case #448: 23 1 1 1 1 1 1 1 1 1 1 1 1 1 2 2 2 2 2 2 2 2 5 7
Case #449: 17 1 1 1 1 1 1 1 2 2 2 2 2 2 3 3 3 13
Case #450: 4 38 1 1 1
Case #451: 17 1 1 1 1 1 1 1 2 2 3 3 3 3 3 3 5 7
Case #452: -1
Case #453: 17 1 1 2 2 2 2 2 2 2 2 2 2 2 2 3 5 7
Case #454: 12 1 1 2 2 2 2 2 2 2 3 5 17
Case #455: 23 1 1 1 1 1 1 1 1 1 1 2 2 2 2 2 2 2 2 3 3 3 3 3
Case #456: 17 1 1 1 1 1 1 1 1 1 1 2 2 3 3 5 5 11
Case #457: 10 1 1 1 2 3 3 5 5 7 13
Case #458: 17 1 1 1 1 1 2 2 2 2 2 2 2 2 3 3 3 11
Case #459: -1
Case #460: -1
Case #461: -1
Case #462: 20 1 1 1 1 1 1 1 1 1 1 2 2 2 2 2 2 2 3 7 7
Case #463: 27 1 1 1 1 1 1 1 1 1 1 1 1 1 1 1 1 1 1 1 1 1 1 1 1 3 3 11
Case #464: 31 1 1 1 1 1 1 1 1 1 1 1 1 1 1 1 1 1 1 1 1 1 1 1 1 1 1 1 1 3 3 7
Case #465: 12 1 1 1 1 2 2 2 3 7 7 7 7
Case #466: 14 1 1 1 1 1 2 2 2 2 2 5 7 7 7
Case #467: 17 1 1 1 1 2 2 2 2 3 3 3 3 3 3 3 3 5
Case #468: -1
Case #469: -1
Case #470: 20 1 1 1 1 1 1 1 1 1 1 1 1 1 2 3 3 3 3 7 7
Case #471: 16 1 1 1 1 1 1 2 2 2 2 2 3 3 3 3 13
Case #472: 11 1 1 2 2 2 2 2 2 3 5 19
Case #473: 24 1 1 1 1 1 1 1 1 1 1 1 1 2 2 2 2 2 2 2 2 2 3 3 5
Case #474: 13 1 1 1 1 2 2 3 3 3 3 5 5 11
Case #475: 28 1 1 1 1 1 1 1 1 1 1 1 1 1 1 1 1 1 1 1 1 1 2 2 2 2 2 3 7
Case #476: 12 1 1 1 2 3 3 3 3 5 5 7 7
Case #477: 18 1 1 1 1 1 1 1 1 1 1 1 1 1 1 1 1 2 23
Case #478: 21 1 1 1 1 2 2 2 2 2 2 2 2 2 2 2 2 2 2 3 3 3
Case #479: 22 20 1 1 1 1 1 1 1 1 1 1 1 1 1 1 1 1 1 1 1 1 1
Case #480: 17 1 1 1 1 1 2 2 2 2 3 3 3 3 3 3 3 7
Case #481: 14 1 1 1 1 1 2 2 2 2 2 3 3 3 17
Case #482: 18 1 1 1 1 1 1 1 1 1 1 1 2 2 2 5 5 7 7
Case #483: -1
Case #484: -1
Case #485: 19 1 1 1 1 1 1 1 2 2 2 2 2 2 2 2 3 5 5 5
Case #486: 7 1 1 1 5 5 11 17
Case #487: 17 1 1 1 1 1 1 1 1 2 2 2 2 3 3 5 7 7
Case #488: 17 1 1 1 1 1 1 1 1 2 2 3 3 3 3 5 5 7
Case #489: -1
Case #490: 26 1 1 1 1 1 1 1 1 1 1 1 1 1 1 1 2 2 2 2 2 2 2 3 3 3 3
Case #491: 15 1 1 1 1 1 1 2 2 2 2 5 5 5 5 7
Case #492: 22 1 1 1 1 1 1 1 1 1 1 1 1 1 1 1 2 2 2 5 5 5 5
Case #493: 25 1 1 1 1 1 1 1 1 1 1 1 1 1 1 1 1 1 1 1 2 2 3 3 5 7
Case #494: 20 1 1 1 1 1 1 1 1 1 1 1 2 2 2 2 2 5 5 5 5
Case #495: 23 1 1 1 1 1 1 1 1 1 1 1 1 1 1 1 2 2 2 2 3 3 5 7
Case #496: 23 1 1 1 1 1 1 1 1 2 2 2 2 2 2 2 2 2 2 2 2 2 2 5
Case #497: 20 1 1 1 1 1 1 1 1 1 1 2 3 3 3 3 3 3 3 3 5
Case #498: 29 1 1 1 1 1 1 1 1 1 1 1 1 1 1 1 1 1 1 1 1 1 1 1 1 1 1 1 7 7
Case #499: 7 35 1 1 1 1 1 1
Case #500: 12 1 1 1 2 2 2 3 3 5 5 5 11
Case #501: 23 1 1 1 1 1 1 1 1 1 1 1 1 1 1 1 1 1 2 2 3 3 7 7
Case #502: -1
Case #503: 14 1 1 1 2 2 2 2 2 2 2 3 3 7 11
Case #504: 19 1 1 1 1 1 1 1 2 2 2 2 2 2 2 2 2 2 3 11
Case #505: -1
Case #506: 22 1 1 1 1 1 1 1 1 1 1 1 1 1 2 2 2 2 2 3 5 5 5
Case #507: -1
Case #508: 28 1 1 1 1 1 1 1 1 1 1 1 1 1 1 1 1 2 2 2 2 2 2 2 2 2 2 2 3
Case #509: -1
Case #510: 20 1 1 1 1 1 1 1 1 1 1 1 1 1 1 2 2 2 5 5 11
Case #511: 15 1 1 1 1 1 1 1 1 2 2 2 2 3 3 19
Case #512: 9 1 1 1 1 1 1 2 2 31
Case #513: 21 1 1 1 1 1 1 1 1 1 1 1 1 1 2 2 2 2 3 3 7 7
Case #514: 22 1 1 1 1 1 1 1 2 2 2 2 2 2 2 2 2 2 2 2 2 3 5
Case #515: 14 1 1 1 2 2 2 3 3 3 3 5 5 5 5
Case #516: -1
Case #517: 9 1 1 1 1 1 1 1 3 31
Case #518: 18 1 1 1 2 2 2 2 2 2 2 2 2 3 3 3 3 3 5
Case #519: 18 1 1 1 1 1 1 2 2 2 2 2 3 3 3 3 3 5 5
Case #520: -1
Case #521: 23 1 1 1 1 1 1 1 1 1 2 2 2 2 2 2 2 2 2 2 3 3 3 3
Case #522: 14 1 1 1 2 2 2 3 3 3 3 3 5 5 7
Case #523: 14 1 1 1 2 2 2 2 2 3 3 3 3 5 11
Case #524: -1
Case #525: 16 1 1 1 1 1 1 1 1 1 1 2 3 5 5 5 11
Case #526: 20 1 1 1 1 1 1 1 1 1 1 1 2 2 2 2 2 2 2 5 11
Case #527: -1
Case #528: 25 1 1 1 1 1 1 1 1 1 1 1 1 1 1 1 1 1 1 1 1 2 2 5 5 7
Case #529: 14 1 1 1 1 1 1 2 3 3 3 5 5 7 7
Case #530: 16 1 1 1 1 1 1 1 1 1 1 1 2 3 5 7 13
Case #531: 24 1 1 1 1 1 1 1 1 1 1 1 1 1 1 1 1 1 2 2 2 3 3 5 7
Case #532: 19 1 1 1 1 1 1 1 2 2 2 2 2 2 2 2 3 3 5 7
Case #533: 16 1 1 1 1 1 2 2 2 2 2 3 3 3 3 3 11
Case #534: 13 1 1 1 1 1 2 2 2 2 3 5 7 13
Case #535: 18 1 1 1 1 1 1 1 1 1 1 2 3 3 3 5 5 5 5
Case #536: 20 1 1 1 1 1 1 1 1 1 2 2 2 2 2 3 3 3 3 5 5
Case #537: 10 1 1 2 2 2 3 5 7 7 11
Case #538: 20 1 1 1 1 1 2 2 2 2 2 2 2 2 2 3 3 3 3 3 3
Case #539: 18 1 1 1 1 1 2 2 2 2 2 2 2 2 2 2 2 3 11
Case #540: 18 1 1 1 1 1 1 1 1 1 2 2 2 3 3 3 3 7 7
Case #541: 10 1 1 1 1 1 1 1 1 2 31
Case #542: 26 16 1 1 1 1 1 1 1 1 1 1 1 1 1 1 1 1 1 1 1 1 1 1 1 1 1
Case #543: -1
Case #544: 31 1 1 1 1 1 1 1 1 1 1 1 1 1 1 1 1 1 1 1 1 1 1 1 1 2 2 2 2 2 2 5
Case #545: 19 1 1 1 1 1 1 1 1 1 1 1 1 2 2 3 5 5 5 7
Case #546: 18 1 1 1 1 1 1 1 1 1 2 2 2 2 2 3 3 3 13
Case #547: -1
Case #548: -1
Case #549: 23 1 1 1 1 1 1 1 1 1 1 1 1 1 2 2 2 2 3 3 3 3 3 5
Case #550: 17 1 1 1 1 2 2 2 2 2 2 2 2 3 3 3 5 7
Case #551: 34 1 1 1 1 1 1 1 1 1 1 1 1 1 1 1 1 1 1 1 1 1 1 1 1 1 1 1 1 2 2 2 2 2 3
Case #552: -1
Case #553: 23 1 1 1 1 1 1 1 1 1 1 1 1 1 1 1 1 1 1 1 1 1 3 17
Case #554: -1
Case #555: 24 1 1 1 1 1 1 1 1 1 1 1 2 2 2 2 2 2 2 2 2 2 2 3 5
Case #556: 23 1 1 1 1 1 1 1 1 1 1 1 1 1 1 1 1 1 1 1 1 2 2 17
Case #557: 16 1 1 1 1 1 1 1 2 2 2 3 3 3 5 7 7
Case #558: 27 1 1 1 1 1 1 1 1 1 1 1 1 1 1 1 1 1 1 1 1 2 2 2 2 3 3 7
Case #559: 11 1 1 1 1 1 1 1 1 1 3 29
Case #560: 17 1 1 1 1 1 1 1 1 1 2 2 3 3 3 5 7 7
Case #561: 12 1 1 1 1 1 2 2 2 3 7 7 13
Case #562: 23 1 1 1 1 1 1 1 1 1 1 2 2 2 2 2 2 2 2 2 2 2 2 7
Case #563: 32 1 1 1 1 1 1 1 1 1 1 1 1 1 1 1 1 1 1 1 1 1 1 1 1 1 1 1 1 1 2 3 7
Case #564: 12 1 1 1 1 2 3 3 5 5 5 7 7
Case #565: -1
Case #566: 17 1 1 1 1 1 1 1 2 2 2 2 3 3 3 3 7 7
Case #567: 13 1 1 1 1 2 2 3 3 3 3 3 5 13
Case #568: 20 1 1 1 1 1 1 1 1 1 1 2 2 2 2 2 2 2 3 3 11
Case #569: -1
Case #570: 16 1 1 1 1 1 2 2 2 2 2 2 2 3 3 3 13
Case #571: 18 1 1 1 1 1 1 1 1 1 1 2 2 2 3 3 5 7 7
Case #572: 15 1 1 1 1 1 1 2 2 2 2 3 3 5 5 11
Case #573: 22 1 1 1 1 1 1 1 1 1 1 1 1 1 1 2 2 2 3 3 5 5 5
Case #574: 26 1 1 1 1 1 1 1 1 1 1 1 1 1 1 1 1 1 2 2 2 2 2 2 2 3 7
Case #575: 9 1 1 2 2 2 2 3 11 17
Case #576: -1
Case #577: 14 1 1 1 1 1 1 2 2 2 5 5 5 7 7
Case #578: -1
Case #579: 14 1 1 1 1 1 1 2 2 2 3 3 5 7 11
Case #580: 23 1 1 1 1 1 1 1 1 1 1 1 1 1 1 1 2 2 3 3 3 3 5 5
Case #581: 22 1 1 1 1 1 1 1 1 1 1 1 1 1 1 2 2 2 3 3 3 5 7
Case #582: -1
Case #583: 17 1 1 1 1 2 2 2 2 2 2 3 3 3 3 3 5 5
Case #584: 23 1 1 1 1 1 1 1 1 1 1 1 1 1 1 2 2 2 2 2 2 5 5 5
Case #585: 21 1 1 1 1 1 1 1 1 1 1 1 1 1 1 2 2 3 3 3 3 11
Case #586: 23 1 1 1 1 1 1 1 1 1 1 1 1 1 1 1 1 2 2 3 3 3 5 7
Case #587: 27 1 1 1 1 1 1 1 1 1 1 1 1 1 1 1 1 1 1 1 1 2 2 3 3 3 3 5
Case #588: 21 1 1 1 1 1 1 1 1 1 1 1 1 1 1 1 1 1 1 1 3 19
Case #589: -1
Case #590: 15 1 1 1 1 2 2 2 2 2 2 3 5 5 5 7
Case #591: 21 1 1 1 1 1 1 1 1 1 1 1 1 2 2 3 3 3 3 3 5 5
Case #592: 32 1 1 1 1 1 1 1 1 1 1 1 1 1 1 1 1 1 1 1 1 1 1 1 1 1 1 1 2 2 2 3 5
Case #593: 13 1 1 1 1 1 2 2 3 3 3 5 7 11
Case #594: 17 1 1 1 2 2 2 2 2 2 3 3 3 3 3 3 3 5
Case #595: 17 1 1 1 1 1 1 1 2 2 2 2 3 3 3 5 5 7
Case #596: 24 1 1 1 1 1 1 1 1 1 1 1 1 1 1 1 2 2 2 2 2 3 3 5 5
Case #597: 24 1 1 1 1 1 1 1 1 1 1 1 2 2 2 2 2 2 2 2 2 3 3 3 3
Case #598: 25 1 1 1 1 1 1 1 1 1 1 1 1 1 1 1 2 2 2 2 2 2 2 2 5 5
Case #599: 19 1 1 1 1 1 2 2 2 2 2 2 2 2 3 3 3 3 3 5
Case #600: 10 1 1 1 2 3 3 3 5 5 17
Case #601: 10 1 1 2 2 2 2 2 3 13 13
Case #602: 29 1 1 1 1 1 1 1 1 1 1 1 1 1 1 1 1 1 1 1 1 1 1 1 2 2 3 3 3 5
Case #603: 18 1 1 1 1 1 1 1 2 2 2 2 2 2 2 3 3 3 11
Case #604: -1
Case #605: 22 1 1 1 1 1 1 1 2 2 2 2 2 2 2 2 2 2 2 3 3 3 3
Case #606: 23 1 1 1 1 1 1 1 1 1 1 1 1 1 1 1 1 1 3 3 3 5 5 5
Case #607: 27 1 1 1 1 1 1 1 1 1 1 1 1 1 1 1 1 1 1 1 2 2 2 2 3 3 3 5
Case #608: 29 1 1 1 1 1 1 1 1 1 1 1 1 1 1 1 1 1 1 2 2 2 2 2 2 2 2 2 2 3
Case #609: 15 1 1 1 1 2 2 2 2 3 3 3 3 5 5 7
Case #610: -1
Case #611: 17 1 1 1 1 1 1 1 1 1 1 1 1 1 1 1 3 23
Case #612: -1
Case #613: 10 1 1 1 1 2 3 3 5 7 17
Case #614: 20 1 1 1 1 1 1 1 1 1 1 1 1 1 1 2 3 5 5 5 7
Case #615: -1
Case #616: 21 1 1 1 1 1 1 1 1 1 2 2 2 2 2 2 2 2 3 3 5 5
Case #617: 18 1 1 2 2 2 2 2 2 2 2 2 2 2 2 2 3 5 5
Case #618: -1
Case #619: 19 1 1 1 1 1 1 1 1 2 2 2 2 2 2 3 3 3 5 7
Case #620: 21 1 1 1 1 1 1 1 1 1 1 1 1 1 2 2 2 2 3 5 5 7
Case #621: 15 1 1 1 1 1 2 2 3 3 3 3 3 3 3 11
Case #622: 18 1 1 1 1 2 2 2 2 2 2 2 2 2 2 2 5 5 5
Case #623: 26 1 1 1 1 1 1 1 1 1 1 1 1 1 1 2 2 2 2 2 2 2 2 2 2 2 5
Case #624: 16 1 1 1 1 1 1 1 2 2 2 2 2 3 3 5 13
Case #625: 18 1 1 1 1 1 1 1 1 1 1 1 1 2 3 3 3 5 13
Case #626: 25 1 1 1 1 1 1 1 1 1 1 1 2 2 2 2 2 2 2 2 2 2 2 2 3 3
Case #627: 17 1 1 1 1 1 2 2 2 2 3 3 3 3 3 3 5 5
Case #628: 25 1 1 1 1 1 1 1 1 1 2 2 2 2 2 2 2 2 2 2 2 2 2 2 2 2
Case #629: 20 1 1 1 1 1 1 1 1 1 2 2 2 2 2 2 2 3 3 5 7
Case #630: -1
Case #631: 17 1 1 1 1 1 1 1 2 2 2 2 2 2 3 3 5 11
Case #632: 16 1 1 1 1 1 1 1 1 2 2 2 3 5 5 7 7
Case #633: 14 1 1 2 2 2 2 2 2 2 3 5 5 5 7
Case #634: -1
Case #635: 20 1 1 1 1 1 1 1 1 1 1 1 2 2 2 2 2 3 5 5 7
Case #636: -1
Case #637: 14 1 1 1 1 1 1 1 2 2 2 5 5 7 11
Case #638: 23 1 1 1 1 1 1 1 1 1 1 1 1 1 1 1 1 1 1 2 2 3 5 11
Case #639: -1
Case #640: 21 1 1 1 1 1 1 1 1 1 2 2 2 2 3 3 3 3 3 3 3 3
Case #641: 17 25 1 1 1 1 1 1 1 1 1 1 1 1 1 1 1 1
Case #642: 36 6 1 1 1 1 1 1 1 1 1 1 1 1 1 1 1 1 1 1 1 1 1 1 1 1 1 1 1 1 1 1 1 1 1 1 1
Case #643: -1
Case #644: 18 1 1 1 1 2 2 2 2 2 2 2 3 3 3 3 3 3 5
Case #645: 32 10 1 1 1 1 1 1 1 1 1 1 1 1 1 1 1 1 1 1 1 1 1 1 1 1 1 1 1 1 1 1 1
Case #646: 18 1 1 1 1 1 1 2 2 2 2 2 2 2 2 2 5 5 7
Case #647: -1
Case #648: 17 1 1 1 1 1 1 1 1 1 2 2 3 3 5 5 5 7
Case #649: -1
Case #650: -1
Case #651: 31 1 1 1 1 1 1 1 1 1 1 1 1 1 1 1 1 1 1 1 1 1 1 1 1 1 1 2 2 2 2 7
Case #652: 12 30 1 1 1 1 1 1 1 1 1 1 1
Case #653: 13 1 1 1 1 1 1 2 2 2 2 3 5 19
Case #654: 16 1 1 1 1 1 1 1 1 2 2 2 3 3 5 5 11
Case #655: 27 1 1 1 1 1 1 1 1 1 1 1 1 1 1 1 1 1 1 2 2 2 2 3 3 3 3 3
Case #656: 21 1 1 1 1 1 1 1 1 1 2 2 2 2 2 2 3 3 3 3 3 5
Case #657: 23 1 1 1 1 1 1 1 1 1 1 1 1 1 1 1 1 2 2 2 2 3 7 7
Case #658: 23 1 1 1 1 1 1 1 1 1 1 1 1 1 1 2 2 2 2 3 3 3 5 5
Case #659: 21 1 1 1 1 1 1 1 1 1 1 1 1 1 1 1 3 3 5 5 5 5
Case #660: 35 1 1 1 1 1 1 1 1 1 1 1 1 1 1 1 1 1 1 1 1 1 1 1 1 1 1 1 1 1 2 2 2 2 2 2
Case #661: -1
Case #662: 26 1 1 1 1 1 1 1 1 1 1 1 1 1 1 1 1 1 2 2 2 2 2 3 3 3 5
Case #663: 18 1 1 1 1 1 1 1 2 2 2 2 2 2 2 3 5 5 7
Case #664: 13 1 1 1 1 1 1 2 2 5 5 7 7 7
Case #665: 12 1 1 1 2 2 2 2 2 3 3 5 17
Case #666: 11 1 1 1 1 1 2 2 3 3 7 19
Case #667: 11 1 1 1 2 2 2 2 3 3 7 17
Case #668: 33 1 1 1 1 1 1 1 1 1 1 1 1 1 1 1 1 1 1 1 1 1 1 1 1 1 1 1 1 2 2 3 3 3
Case #669: 16 1 1 1 1 1 1 1 1 1 2 2 2 3 3 7 13
Case #670: -1
Case #671: 15 1 1 1 1 2 2 2 2 3 3 3 5 5 5 5
Case #672: 5 37 1 1 1 1
Case #673: 16 1 1 1 1 1 1 1 2 2 2 2 2 3 3 7 11
Case #674: 20 1 1 1 1 1 1 1 1 1 2 2 2 3 3 3 3 3 3 3 5
Case #675: 16 1 1 1 1 1 1 2 3 3 3 3 3 3 5 5 5
Case #676: 13 1 1 1 1 1 2 2 3 3 5 5 5 11
Case #677: 16 1 1 1 2 2 2 3 3 3 3 3 3 3 3 3 5
Case #678: 33 1 1 1 1 1 1 1 1 1 1 1 1 1 1 1 1 1 1 1 1 1 1 1 1 1 1 1 1 2 2 2 2 5
Case #679: -1
Case #680: -1
Case #681: 20 1 1 2 2 2 2 2 2 2 2 2 2 2 2 2 2 2 2 2 5
Case #682: -1
Case #683: 19 1 1 1 1 1 1 1 2 2 2 2 3 3 3 3 3 3 3 5
Case #684: 21 1 1 1 1 1 1 1 1 1 1 2 2 2 2 2 2 2 2 3 5 7
Case #685: 20 1 1 1 1 1 1 1 1 1 2 2 2 2 2 2 2 3 5 5 5
Case #686: 21 1 1 1 1 2 2 2 2 2 2 2 2 2 2 2 2 2 2 2 2 5
Case #687: 16 1 1 1 1 1 1 1 2 2 2 3 3 5 5 5 7
Case #688: 19 1 1 1 1 1 1 1 1 1 1 1 2 2 3 3 3 3 7 7
Case #689: -1
Case #690: 18 1 1 1 1 1 1 1 1 1 1 1 1 2 3 3 3 7 11
Case #691: 28 1 1 1 1 1 1 1 1 1 1 1 1 1 1 1 1 1 1 1 1 1 1 1 1 2 2 2 11
Case #692: 13 1 1 1 1 1 1 2 2 3 3 3 5 17
Case #693: 15 1 1 2 2 2 2 2 2 2 2 2 2 3 5 11
Case #694: 24 1 1 1 1 1 1 1 1 1 1 1 1 1 1 1 1 1 2 2 2 3 5 5 5
Case #695: -1
Case #696: -1
Case #697: 20 1 1 1 1 1 1 1 1 1 1 1 1 1 2 3 3 3 5 5 7
Case #698: 28 1 1 1 1 1 1 1 1 1 1 1 1 1 1 1 1 1 1 1 2 2 2 2 2 3 3 3 3
Case #699: 24 1 1 1 1 1 1 1 1 1 1 1 1 1 1 1 2 2 2 2 2 2 2 5 7
Case #700: 21 1 1 1 1 1 1 1 1 1 1 2 2 2 2 2 2 3 3 3 5 5
Case #701: 10 1 1 2 2 2 3 5 5 7 13
Case #702: 18 1 1 1 1 1 1 1 1 1 2 2 2 2 2 2 2 5 13
Case #703: 20 1 1 1 1 1 1 1 1 1 1 1 1 2 2 2 2 2 3 5 11
Case #704: 30 1 1 1 1 1 1 1 1 1 1 1 1 1 1 1 1 1 1 1 1 1 1 1 1 1 1 2 3 3 7
Case #705: 3 5 17 19
Case #706: 15 1 1 1 1 1 1 1 1 1 2 2 2 2 5 19
Case #707: 23 1 1 1 1 1 1 1 2 2 2 2 2 2 2 2 2 2 2 2 2 2 3 3
Case #708: 21 1 1 1 1 1 1 1 1 1 1 1 2 2 2 2 2 2 3 5 5 5
Case #709: 26 1 1 1 1 1 1 1 1 1 1 1 1 1 1 1 1 1 1 1 1 1 1 1 2 3 13
Case #710: 13 1 1 1 2 2 2 2 3 3 5 5 7 7
Case #711: 30 1 1 1 1 1 1 1 1 1 1 1 1 1 1 1 1 1 1 1 1 1 1 2 2 2 2 2 2 2 5
Case #712: 27 1 1 1 1 1 1 1 1 1 1 1 1 1 1 1 2 2 2 2 2 2 2 2 2 2 3 3
Case #713: 21 1 1 1 1 1 1 1 1 1 1 1 2 2 2 2 2 2 3 3 5 7
Case #714: 33 9 1 1 1 1 1 1 1 1 1 1 1 1 1 1 1 1 1 1 1 1 1 1 1 1 1 1 1 1 1 1 1 1
Case #715: 16 1 1 1 1 1 1 1 1 2 2 2 3 3 7 7 7
Case #716: 21 1 1 1 1 1 1 1 1 1 1 1 1 2 2 2 2 2 2 3 7 7
Case #717: 14 1 1 1 1 1 1 2 3 3 3 3 3 5 13
Case #718: 19 1 1 1 1 1 1 2 2 2 2 3 3 3 3 3 3 3 3 3
Case #719: 31 1 1 1 1 1 1 1 1 1 1 1 1 1 1 1 1 1 1 1 1 1 1 1 1 1 1 2 2 3 3 5
Case #720: 19 1 1 1 1 1 1 1 1 1 1 2 2 2 2 3 3 3 3 11
Case #721: 22 1 1 1 1 1 1 2 2 2 2 2 2 2 2 2 2 2 2 2 3 3 3
Case #722: 31 1 1 1 1 1 1 1 1 1 1 1 1 1 1 1 1 1 1 1 1 1 1 1 1 1 1 1 1 3 5 5
Case #723: 11 1 1 1 1 1 1 1 1 2 2 29
Case #724: 9 1 1 2 2 2 2 3 5 23
Case #725: 16 1 1 1 1 1 2 2 2 3 3 3 3 3 3 5 7
Case #726: 15 1 1 1 1 1 2 2 2 2 2 2 3 5 5 11
Case #727: 24 1 1 1 1 1 1 1 1 1 1 1 1 1 1 2 2 2 2 2 2 2 3 3 7
Case #728: 13 1 1 1 1 2 2 2 2 2 2 5 7 13
Case #729: 16 1 1 1 1 2 2 2 2 2 2 2 2 2 3 5 11
Case #730: 26 1 1 1 1 1 1 1 1 1 1 1 1 1 1 1 1 1 1 2 2 2 2 2 3 3 7
Case #731: -1
Case #732: -1
Case #733: 13 1 1 1 1 1 2 2 3 3 3 5 5 13
Case #734: -1
Case #735: 25 1 1 1 1 1 1 1 1 1 1 1 1 1 1 1 1 2 2 2 2 2 2 3 5 5
Case #736: 31 1 1 1 1 1 1 1 1 1 1 1 1 1 1 1 1 1 1 1 1 1 1 1 1 1 1 1 3 3 3 5
Case #737: 21 1 1 1 1 1 1 1 1 1 1 1 1 1 2 2 3 3 3 5 5 5
Case #738: 14 1 1 1 1 1 1 2 2 2 3 3 5 5 13
Case #739: 14 1 1 1 1 1 2 2 2 3 3 3 3 7 11
Case #740: -1
Case #741: 18 1 1 1 1 1 1 1 2 2 2 3 3 3 3 3 3 5 5
Case #742: -1
Case #743: -1
Case #744: -1
Case #745: 17 1 1 1 1 1 1 1 1 1 2 2 2 2 3 7 7 7
Case #746: 23 1 1 1 1 1 1 1 1 1 1 1 1 1 1 1 1 1 1 1 1 1 7 13
Case #747: 21 1 1 1 1 1 1 1 1 1 1 1 1 2 2 2 2 3 3 3 5 7
Case #748: 27 1 1 1 1 1 1 1 1 1 1 1 1 1 1 1 1 1 2 2 2 2 2 2 3 3 3 3
Case #749: 20 1 1 1 1 1 1 2 2 2 2 2 2 2 2 2 2 2 3 3 7
Case #750: -1
Case #751: 20 1 1 1 1 2 2 2 2 2 2 2 2 2 2 2 2 2 3 3 5
Case #752: 24 1 1 1 1 1 1 1 1 1 1 1 1 1 1 1 1 2 2 2 3 3 3 5 5
Case #753: 23 1 1 1 1 1 1 1 1 1 1 1 1 1 1 1 2 2 2 2 3 5 5 5
Case #754: 17 1 1 1 1 1 2 2 2 2 2 2 2 2 2 2 3 13
Case #755: 16 1 1 1 1 1 1 1 1 2 2 2 3 3 3 5 13
Case #756: 17 1 1 1 1 1 2 2 3 3 3 3 3 3 3 3 3 5
Case #757: -1
Case #758: 19 1 1 1 1 1 1 1 1 1 1 2 2 2 2 2 2 5 7 7
Case #759: 19 1 1 1 1 1 1 1 1 1 1 1 1 2 2 2 2 3 7 11
Case #760: 27 1 1 1 1 1 1 1 1 1 1 1 1 1 1 1 1 1 1 1 2 2 2 2 2 2 5 5
Case #761: 15 1 1 1 1 1 1 1 2 2 2 2 3 5 7 11
Case #762: 17 1 1 1 2 2 2 2 2 2 2 2 3 3 3 3 5 5
Case #763: 20 1 1 1 1 1 1 1 1 1 1 1 1 1 1 2 3 3 5 7 7
Case #764: 13 1 1 1 2 2 2 2 3 3 3 3 5 13
Case #765: -1
Case #766: 24 1 1 1 1 1 1 1 1 1 1 1 1 1 2 2 2 2 2 2 2 3 3 3 5
Case #767: 24 1 1 1 1 1 1 1 1 1 1 1 1 1 1 1 1 1 2 3 3 3 3 5 5
Case #768: 17 1 1 1 1 1 1 1 1 1 1 1 2 2 3 5 5 13
Case #769: 14 1 1 1 2 2 2 2 2 3 3 5 5 5 7
Case #770: 3 1 3 37
Case #771: -1
Case #772: 20 1 1 1 1 1 1 1 1 1 1 1 2 2 2 2 2 3 3 7 7
Case #773: 18 24 1 1 1 1 1 1 1 1 1 1 1 1 1 1 1 1 1
Case #774: 18 1 1 1 1 1 1 1 1 2 2 2 2 2 3 3 3 3 11
Case #775: 22 1 1 1 1 1 1 1 1 1 1 1 1 1 1 2 2 2 2 2 3 7 7
Case #776: 16 1 1 1 1 1 1 1 1 1 1 2 2 2 7 7 11
Case #777: 19 1 1 1 1 1 1 2 2 2 2 2 2 2 2 2 2 3 5 7
Case #778: -1
Case #779: 21 1 1 1 1 1 1 1 1 1 1 1 1 1 1 1 2 2 3 5 7 7
Case #780: -1
Case #781: 16 1 1 1 1 2 2 2 2 2 2 2 2 2 5 7 7
Case #782: 15 1 1 1 2 2 2 2 3 3 3 3 3 5 5 5
Case #783: 23 1 1 1 1 1 1 1 1 1 1 1 1 1 1 1 1 3 3 3 3 3 5 5
Case #784: 19 1 1 1 1 1 2 2 2 2 2 2 2 2 2 2 3 3 5 5
Case #785: 15 1 1 1 1 1 1 1 2 2 3 3 3 5 5 11
Case #786: 20 1 1 1 1 1 1 1 1 1 1 2 2 2 2 2 3 3 3 5 7
Case #787: 20 1 1 1 1 1 1 1 1 1 1 2 2 2 3 3 3 3 3 5 5
Case #788: 18 1 1 1 1 1 1 2 2 2 2 2 3 3 3 3 3 3 7
Case #789: 14 1 1 2 2 2 2 2 2 2 2 2 3 7 11
Case #790: 22 1 1 1 1 1 1 1 1 1 1 1 1 2 2 2 3 3 3 3 3 3 5
Case #791: 22 1 1 1 1 1 1 1 1 1 1 1 1 1 2 2 2 2 2 3 3 5 7
Case #792: 12 1 1 1 2 3 3 3 3 3 3 5 13
Case #793: 8 1 1 2 2 2 3 13 17
Case #794: 23 1 1 1 1 1 1 1 1 1 1 1 1 1 1 1 2 2 3 3 3 3 3 7
Case #795: 21 1 1 1 1 1 1 1 1 1 1 2 2 2 2 2 2 2 2 5 5 5
Case #796: 14 1 1 1 2 2 2 2 2 2 2 3 3 5 13
Case #797: -1
Case #798: 18 1 1 1 1 1 2 2 2 2 2 2 2 2 2 3 5 5 5
Case #799: 21 21 1 1 1 1 1 1 1 1 1 1 1 1 1 1 1 1 1 1 1 1
Case #800: -1
Case #801: 17 1 1 1 1 1 1 1 1 2 2 3 3 3 3 3 3 11
Case #802: 16 1 1 1 1 2 2 2 2 2 3 3 3 3 5 5 5
Case #803: 20 1 1 1 1 1 1 1 1 1 1 1 1 1 1 1 2 3 3 7 11
Case #804: 35 7 1 1 1 1 1 1 1 1 1 1 1 1 1 1 1 1 1 1 1 1 1 1 1 1 1 1 1 1 1 1 1 1 1 1
Case #805: -1
Case #806: 25 1 1 1 1 1 1 1 1 1 1 1 1 1 1 1 2 2 2 2 2 2 2 2 3 7
Case #807: 27 1 1 1 1 1 1 1 1 1 1 1 1 1 1 1 1 1 1 1 1 1 1 1 1 1 5 11
Case #808: 29 1 1 1 1 1 1 1 1 1 1 1 1 1 1 1 1 1 1 1 1 1 1 2 2 2 2 2 2 7
Case #809: 12 1 1 1 2 3 3 3 5 5 5 5 7
Case #810: 14 1 1 1 1 1 2 2 2 3 5 5 5 5 7
Case #811: 20 1 1 1 1 1 1 2 2 2 2 2 2 2 2 2 3 3 3 3 5
Case #812: 3 11 13 17
Case #813: 23 1 1 1 1 1 1 1 1 1 1 1 1 1 1 2 2 2 2 2 2 3 5 7
Case #814: 34 1 1 1 1 1 1 1 1 1 1 1 1 1 1 1 1 1 1 1 1 1 1 1 1 1 1 1 1 1 1 2 3 3 3
Case #815: 19 1 1 1 1 1 1 1 1 2 2 2 2 3 3 3 3 3 3 7
Case #816: 30 1 1 1 1 1 1 1 1 1 1 1 1 1 1 1 1 1 1 1 1 1 1 1 1 1 1 1 2 5 7
Case #817: 16 1 1 1 1 1 1 2 2 2 3 3 3 3 3 7 7
Case #818: 18 1 1 1 1 1 1 1 1 1 1 2 2 2 3 3 3 3 13
Case #819: -1
Case #820: 22 1 1 1 1 1 1 1 1 1 1 2 2 2 2 2 2 2 3 3 3 3 5
Case #821: 14 1 1 1 1 1 2 2 2 3 3 3 5 5 11
Case #822: 21 1 1 1 1 1 1 1 2 2 2 2 2 2 2 2 2 2 3 3 3 5
Case #823: 32 1 1 1 1 1 1 1 1 1 1 1 1 1 1 1 1 1 1 1 1 1 1 1 1 1 1 1 1 2 3 3 5
Case #824: 21 1 1 1 1 1 2 2 2 2 2 2 2 2 2 2 2 2 2 2 3 5
Case #825: 21 1 1 1 1 1 1 1 1 1 1 1 1 1 2 2 2 2 5 5 5 5
Case #826: 19 1 1 1 1 1 1 1 1 1 1 1 1 1 1 1 1 1 7 17
Case #827: -1
Case #828: 25 1 1 1 1 1 1 1 1 1 1 1 1 2 2 2 2 2 2 2 2 2 2 2 2 5
Case #829: 24 1 1 1 1 1 1 1 1 2 2 2 2 2 2 2 2 2 2 2 2 2 2 2 3
Case #830: 16 1 1 1 1 1 1 2 2 2 2 2 3 3 3 5 11
Case #831: -1
Case #832: -1
Case #833: 26 1 1 1 1 1 1 1 1 1 1 1 1 1 1 1 1 1 1 2 2 2 2 2 3 5 5
Case #834: 19 1 1 1 1 1 2 2 2 2 2 2 2 2 2 2 3 3 3 7
Case #835: 27 1 1 1 1 1 1 1 1 1 1 1 1 1 1 2 2 2 2 2 2 2 2 2 2 2 2 3
Case #836: -1
Case #837: -1
Case #838: 16 1 1 1 1 1 1 2 2 2 2 2 3 3 5 7 7
Case #839: 17 1 1 1 1 1 1 2 2 2 2 3 3 3 3 3 5 7
Case #840: 6 36 1 1 1 1 1
Case #841: 19 1 1 1 1 1 1 1 2 2 2 2 2 2 3 3 3 3 3 7
Case #842: -1
Case #843: -1
Case #844: 14 1 1 1 1 1 2 2 2 2 2 2 2 3 19
Case #845: 19 1 1 1 1 1 1 2 2 2 2 2 2 3 3 3 3 3 3 5
Case #846: 25 1 1 1 1 1 1 1 1 1 1 1 1 1 1 1 1 1 1 1 2 2 3 5 5 5
Case #847: 18 1 1 1 1 1 1 1 2 2 2 2 2 3 3 3 5 5 5
Case #848: 29 1 1 1 1 1 1 1 1 1 1 1 1 1 1 1 1 1 1 1 1 1 1 1 1 3 3 3 3 5
Case #849: 23 1 1 1 1 1 1 1 1 1 1 1 1 2 2 2 2 2 2 2 2 3 5 5
Case #850: 21 1 1 1 1 1 2 2 2 2 2 2 2 2 2 2 2 2 3 3 3 3
Case #851: 34 8 1 1 1 1 1 1 1 1 1 1 1 1 1 1 1 1 1 1 1 1 1 1 1 1 1 1 1 1 1 1 1 1 1
Case #852: 20 1 1 1 1 1 1 1 2 2 2 2 2 2 2 2 2 3 3 5 5
Case #853: 20 1 1 1 1 1 1 1 2 2 2 2 2 3 3 3 3 3 3 3 3
Case #854: 18 1 1 1 1 1 1 1 1 1 1 1 2 3 3 3 5 7 7
Case #855: 12 1 1 1 2 3 3 3 3 3 5 5 11
Case #856: 14 1 1 1 1 1 2 2 2 2 2 3 5 5 13
Case #857: 13 1 1 1 1 1 2 2 2 2 3 3 11 11
Case #858: 16 1 1 1 1 1 1 1 1 2 2 2 2 2 3 3 17
Case #859: 14 1 1 1 1 1 1 2 2 2 3 3 3 3 17
Case #860: 20 1 1 1 1 1 1 1 2 2 2 2 2 2 2 3 3 3 3 3 5
Case #861: 8 1 1 2 2 2 3 7 23
Case #862: 20 1 1 1 1 1 1 1 1 2 2 2 2 2 2 2 2 2 3 5 7
Case #863: -1
Case #864: 17 1 1 1 1 1 1 1 1 2 2 2 2 2 2 7 7 7
Case #865: 14 1 1 1 2 2 2 2 2 3 5 5 5 5 5
Case #866: 19 1 1 1 1 1 1 1 1 1 1 1 1 1 2 2 2 2 3 17
Case #867: 27 1 1 1 1 1 1 1 1 1 1 1 1 1 1 1 1 2 2 2 2 2 2 2 2 2 2 5
Case #868: 22 1 1 1 1 1 1 1 1 1 1 1 1 1 1 1 2 2 2 3 3 7 7
Case #869: 15 1 1 1 1 1 2 2 3 3 3 3 3 3 7 7
Case #870: 24 1 1 1 1 1 1 1 1 1 1 1 1 1 1 1 1 1 2 2 2 2 2 3 11
Case #871: 18 1 1 1 2 2 2 2 2 2 2 2 2 2 2 3 3 5 5
Case #872: 20 1 1 1 2 2 2 2 2 2 2 2 2 2 2 2 2 2 2 3 5
Case #873: 17 1 1 1 1 1 2 2 2 2 2 2 2 2 3 5 5 7
Case #874: 20 1 1 1 1 1 1 1 1 1 1 1 1 1 1 1 1 1 2 5 17
Case #875: 12 1 1 1 1 1 1 1 1 1 1 2 29
Case #876: -1
Case #877: 14 1 1 1 1 1 1 2 3 3 5 5 5 5 7
Case #878: 15 1 1 1 1 1 2 2 2 2 3 3 3 3 5 11
Case #879: 26 1 1 1 1 1 1 1 1 1 1 1 1 1 2 2 2 2 2 2 2 2 2 2 2 3 3
Case #880: 14 1 1 1 1 1 1 2 2 2 3 3 3 7 13
Case #881: 14 28 1 1 1 1 1 1 1 1 1 1 1 1 1
Case #882: 30 1 1 1 1 1 1 1 1 1 1 1 1 1 1 1 1 1 1 1 1 1 1 2 2 2 2 2 3 3 3
Case #883: 18 1 1 1 1 1 1 1 1 1 2 2 2 2 2 3 3 5 11
Case #884: 20 1 1 1 1 1 1 1 1 1 1 1 2 2 2 2 2 3 3 3 11
Case #885: -1
Case #886: 19 1 1 1 1 1 1 1 1 1 1 1 2 2 2 2 2 2 5 13
Case #887: 26 1 1 1 1 1 1 1 1 1 1 1 1 1 1 1 1 1 1 1 1 2 3 3 3 3 7
Case #888: 18 1 1 1 1 1 1 1 1 1 1 2 3 3 3 3 3 7 7
Case #889: -1
Case #890: 16 1 1 1 1 1 2 2 2 2 2 3 3 3 3 7 7
Case #891: 18 1 1 1 1 1 2 2 2 3 3 3 3 3 3 3 3 3 3
Case #892: 23 1 1 1 1 1 1 1 1 1 1 1 1 1 1 1 1 1 1 3 3 3 7 7
Case #893: 29 1 1 1 1 1 1 1 1 1 1 1 1 1 1 1 1 1 1 1 2 2 2 2 2 2 2 2 3 3
Case #894: 10 1 1 1 1 2 3 3 5 11 13
Case #895: -1
Case #896: 25 1 1 1 1 1 1 1 1 1 1 1 1 1 1 1 2 2 2 2 2 2 3 3 3 5
Case #897: 18 1 1 1 1 1 1 1 1 1 1 1 1 2 2 2 5 5 13
Case #898: 20 1 1 1 1 1 1 1 1 1 2 2 2 2 2 3 3 3 3 3 7
Case #899: 22 1 1 1 1 1 1 1 1 1 1 1 1 2 2 2 2 2 2 2 5 5 5
Case #900: 21 1 1 1 1 1 1 1 1 1 1 1 1 1 1 1 1 2 2 5 5 11
Case #901: 24 1 1 1 1 1 1 1 1 1 1 1 1 1 2 2 2 2 2 3 3 3 3 3 3
Case #902: -1
Case #903: 24 1 1 1 1 1 1 1 1 1 1 1 1 2 2 2 2 2 2 2 3 3 3 3 3
Case #904: 22 1 1 1 1 1 1 1 1 1 1 1 1 1 1 2 2 2 2 2 3 3 11
Case #905: 17 1 1 1 1 2 2 2 2 2 2 2 2 2 2 5 5 7
Case #906: -1
Case #907: 24 1 1 1 1 1 1 1 1 1 1 1 1 1 1 2 2 2 2 2 2 2 3 5 5
Case #908: 19 1 1 1 1 1 1 1 1 1 2 2 2 2 2 2 3 5 5 7
Case #909: 11 1 1 1 2 2 2 2 3 3 11 13
Case #910: -1
Case #911: 17 1 1 1 1 2 2 2 2 2 2 2 2 3 3 5 5 5
Case #912: 20 1 1 1 1 1 1 1 1 1 1 1 1 1 2 2 2 3 3 5 11
Case #913: 17 1 1 1 1 1 1 2 2 2 2 2 2 2 2 3 3 13
Case #914: -1
Case #915: 20 1 1 1 1 1 1 1 1 1 1 1 2 2 2 3 3 3 5 5 5
Case #916: 18 1 1 1 1 1 1 1 1 1 2 2 2 2 2 5 5 5 7
Case #917: 21 1 1 1 1 1 1 1 1 1 1 1 2 2 2 2 3 3 3 3 3 7
Case #918: 13 1 1 1 1 1 1 1 2 2 5 5 7 13
Case #919: -1
Case #920: 20 1 1 1 1 1 1 1 1 2 2 2 2 2 3 3 3 3 3 3 5
Case #921: -1
Case #922: 19 1 1 1 1 2 2 2 2 2 2 2 2 2 2 3 3 3 3 5
Case #923: 33 1 1 1 1 1 1 1 1 1 1 1 1 1 1 1 1 1 1 1 1 1 1 1 1 1 1 1 1 1 3 3 3 3
Case #924: -1
Case #925: -1
Case #926: -1
Case #927: 16 1 1 1 1 1 1 1 1 1 1 1 2 3 3 5 17
Case #928: 21 1 1 1 1 1 1 1 1 1 1 1 1 1 1 1 1 1 1 2 2 19
Case #929: 14 1 1 1 1 1 2 2 2 3 3 3 3 5 13
Case #930: 6 1 1 1 2 17 19
Case #931: 15 1 1 1 1 1 1 2 2 2 2 3 3 3 5 13
Case #932: -1
Case #933: 14 1 1 1 2 3 3 3 3 3 3 3 5 5 5
Case #934: -1
Case #935: 17 1 1 1 1 1 1 1 1 1 1 1 1 1 1 2 2 23
Case #936: 23 1 1 1 1 1 1 1 1 1 1 1 1 1 1 1 1 1 1 2 2 3 3 13
Case #937: 23 1 1 1 1 1 1 1 1 1 1 1 1 1 1 1 1 1 2 2 3 5 5 7
Case #938: 23 1 1 1 1 1 1 1 1 1 1 1 1 1 1 1 1 2 2 2 2 3 3 11
Case #939: 18 1 1 1 1 1 1 1 1 2 2 2 2 2 3 3 3 7 7
Case #940: 17 1 1 1 1 1 1 1 1 2 2 2 2 3 5 5 5 7
Case #941: 27 1 1 1 1 1 1 1 1 1 1 1 1 1 1 1 1 1 1 1 1 1 1 1 1 2 2 13
Case #942: -1
Case #943: 23 1 1 1 1 1 1 1 1 1 1 1 2 2 2 2 2 2 2 2 3 3 3 5
Case #944: 25 1 1 1 1 1 1 1 1 1 1 1 1 1 1 1 1 1 1 1 1 1 1 3 3 13
Case #945: 40 2 1 1 1 1 1 1 1 1 1 1 1 1 1 1 1 1 1 1 1 1 1 1 1 1 1 1 1 1 1 1 1 1 1 1 1 1 1 1 1
Case #946: -1
Case #947: 16 1 1 1 1 1 1 1 2 3 3 3 3 5 5 5 5
Case #948: 23 1 1 1 1 1 1 1 1 1 1 2 2 2 2 2 2 2 2 2 2 3 3 5
Case #949: 18 1 1 1 1 1 1 1 1 1 2 2 2 3 3 3 5 5 7
Case #950: 14 1 1 1 1 2 2 2 2 2 3 3 5 5 11
Case #951: 15 1 1 1 1 2 2 3 3 3 3 3 3 5 5 5
Case #952: 17 1 1 1 2 2 2 2 2 2 2 2 2 2 3 3 5 7
Case #953: 25 1 1 1 1 1 1 1 1 1 1 1 1 1 1 1 2 2 2 2 3 3 3 3 3 3
Case #954: 14 1 1 2 2 2 2 2 2 2 2 2 3 5 13
Case #955: 5 1 1 3 17 19
Case #956: -1
Case #957: 20 1 1 1 1 1 1 1 1 1 1 1 1 1 1 1 1 2 3 7 13
Case #958: -1
Case #959: 7 1 1 1 1 1 17 19
Case #960: 21 1 1 1 1 1 1 1 1 1 2 2 2 2 2 2 2 2 3 3 3 7
Case #961: 15 1 1 1 1 1 2 2 3 3 3 3 5 5 5 5
Case #962: 11 1 1 1 1 2 2 2 2 3 3 23
Case #963: 18 1 1 1 1 1 1 1 1 1 1 1 2 2 2 3 3 5 13
Case #964: 25 1 1 1 1 1 1 1 1 1 1 1 1 1 1 1 1 1 1 1 1 1 3 3 7 7
Case #965: 15 1 1 2 2 2 2 2 2 2 2 3 5 5 5 5
