100
5388168
3191803
9682616
8248729
9309119
9999972
3
3323191
1281246
9999991
2360890
5103067
3702389
10000000
7742461
8763892
9999997
390548
10
983469
7
615403
1264969
3132736
5094841
5001361
1862603
9299449
3877633
140839
9999999
1221469
2044523
7783893
7762723
2
3910981
8
9325574
8460583
4461642
6704676
8697851
6
8603593
8184167
8873129
5331653
9999930
1
4751053
9999163
9999161
3023326
4461641
4572049
3855409
9
86293
9999931
6716541
6537523
3949061
2196613
2295773
9987391
8237213
559513
11
9999998
1750607
6513281
5
13
6697461
592432
12
9999162
7203246
9999995
2872729
928009
6463741
9971849
2610613
1144
3410821
8291470
5462959
4
4170220
9999971
1403870
2896297
3929879
9999929
4936439
9999973
9999996
4461643
