965
132300
1
11264
474
23100
70235461
48510
1440
2720
6930
65
123
375000
172032
9240
44
69120
5016
72000
792
17
97200
396
782
100696425
457481
72900
954158175
128
5200
346742385
121
7392
3509575
2403381
10260
322081025
114688
47040
2340
150528
105
3120
86400
113
345600
6750
58800
16128
32805
100800
26
170100
37440
3157819
7500
810
473
96768
74088
225792
64512
8448
47958485
259200
42768
12348
912
14400
459270
70200
1512
248832
5073
32256
240000
4608
48
986129769
22
49920
98
21504
8748
1001
6480
957262828
44800
51030
8208
3
1904
1741
126720
10560
169344
40960
16320
215040
15390
45
307200
3024
5824
132000
272160
25002
139968
66528
50688
653477439
360000
17820
696
98415
131980
192
50000
432000
504
5616
1001604
95
288
5808
1701
5
7290
49152
69984
576
4914
4733
73728
160
16200
2097152
24192
11340
999999937
145152
32768
103680
32670
3584
1800
13824
150000
72
243000
408240
630
7920
8624
7680
281
162000
282791
49392
66
983900459
2156
8087519
2268
2000
926315427
8347
59136
4752
4539685
391
12240
4620
78000
135000
482421315
181440
5760
216000
64152
63360
161280
361
1048576
24750
115248
89
115
501
40824
95040
1944
4
164640
1728
56448
13440
92160
224
1848
196608
34848
13122
32
999999998
268800
34111
14560
69888
31
34944
84
61440
94080
53
7128
517759
32400
71
120000
153600
1632
519
900
349920
50400
92400
587234
22848
1920
1960
13860
12544
131220
257
2070
193
56
45360
200000
432255
25600
201600
19008
1836
157464
25490988
52488
180000
151200
83
235200
5600
420
1890
2880
186624
9409159
21600
306180
40
2376
12096
25920
23115571
50544
294912
118800
43680
83160
85050
6037
23760
362880
11
17920
196830
110592
393216
15
211680
60
281250
163840
47628
14336
4000
998244353
112000
24576
105600
94
1824
786432
47473
552960
409342369
128000
41600
3456
5361
18
2250
4725
8316
112896
21168
45000
524288
84579
302400
25200
44550
74
10752
1215
72576
768
7776
84000
362
4943
1000000
27456
5657
4655
3645
17550
4374
6840
123480
2430
122
16524
49280
90720
536870912
144000
11000
279936
81000
184320
4200
300
5346
2310
86016
589824
14
13
38880
75264
35640
57024
583200
746803744
46464
21384
82268566
22500
4488
4032
76800
2560
1671
3240
50
47
12768
93312
129600
30030
262440
3264
14700
67500
567
29
21870
15552
54000
42755209
110
2640
189
23232
3600
13056
12800
16380
276480
56160
1249
43740
5601
28800
665
104
900360029
58320
11085765
125
27184698
194241
22680
301056
141120
70400
15750
20736
12960
55296
68040
34
18000
38400
4536
61740
216
217728
29250
105840
5940
5721
3360
34020
33
6300
13680
33401221
23
102
1680
94500
64922375
12150
85
21000
29484
510205
2025
8550
57344
20328
77
43
124416
8960
22464
38
102060
6765
430080
32640
62208
9900
40950
76032
934
9425
7025
18816
99
63
57624
54880
524880
7785
67
7938
33696
18240
23040
89100
672
198450
46
442368
20
244944
14688
9800
129
122877509
96000
4675
35280
56700
8772
10368
70000
5000
1260
20000
5040
81920
65610
49
35
99000
1764
85712697
88704
33792
214573
12000
961175759
6144
6399199
2200
2736
124
7056
122880
405000
5297
93
622080
194400
7897861
82944
340200
142560
621008
8250
7040
964532929
700
66150
2730
2520
80640
85536
21840
33750
64800
64680
373248
67584
31752
62
16
476014
320
10500
11232
7455307
8372259
19440
241920
96
80949857
51
107
30720
68
52920
1008
87
26460
15288
28672
42
110250
8015864
63504
63180
12672
559
44928
17640
39600
9000
2688
8976
1817
49000
641
27720
8100
7560
904152917
388800
8000
3564
3780
1620
57
2707
168000
24300
120
41580
699840
75600
7200
41472
6400
311040
22950
16224
540
38016
967669583
165888
3375
2160
3072
226800
226151256
69
2906162
10710
5250
118263990
57600
614400
118
60480
8400
96228
256000
10240
18720
3510
36864
291600
65536
40320
30973
31680
29400
336000
989447237
16800
8660
15400
660
9489
104976
25
6
625433749
466560
10
89600
67893369
31500
103
7390
112
30
4560
19800
3888
77760
2352
10800
5625
64
6541551
4320
67200
34300
24480
4788
17136
108
6552
633
270000
37
22176
87480
182250
49500
787320
80
9827
938017885
655360
5044
174960
26880
48000
327680
63000
15876
813
4158
88
9180
168960
3000
58054077
79548
9450
2592
4480
43200
54600
8320
5280
126
1615
1520
147456
24000
78
176400
640
9216
20160
9
24696
9408
31590
314928
180
14256
221184
75
116
5520
204120
52800
8064
29120
84480
2016
8826131
109
35100
7389
4800
135
13500
23400
49896
673921
145800
106
35503
725573
16464
91
15120
5184
129024
53940
368640
5400
6000
39936
14040
393660
395
15680
3696
1600
18480
518400
4410
84240
86
17280
4050
3900
252000
111
916855204
14112
24
28512
4704
4312
107520
127
2940
998506315
125440
486000
6075
230400
29700
30240
48600
163296
118272
29160
10080
94770
5304
6804
32000
74880
1000000000
192000
21
33108
32076
324000
1386
7
688978813
5376
55
448
236250
105000
207360
2431
6720
54
81648
70
95256
8424
61966
51840
59400
138240
90
245760
10000
119
38497
20480
98304
47520
85881
21383
2400
193536
12288
987
2618049
70560
136080
36
108864
5767201
91857
7296
233280
1500
108000
405
19200
331776
8
115200
209952
13230
133650
31200
17424
4896
11016
155520
3864
53760
48238
21952
300000
816
5120
3528
142884
1056
460800
491520
134400
170
58
59
78750
71280
18432
19656
28
864
15840
9504
981028563
4160
1134
23814
42105
127008
472392
1323
2304
12870
994617
8640
2600
54432
16000
1100
23328
92317161
31104
3168
179200
71805
9600
33600
20592
999999999
288000
3960
29952
805306368
27000
28000
27216
9100
101
116640
97
414720
81
73
589833267
949106497
1530
76
42120
646
28080
79
546750
922505446
92
468
2100
1584
42336
42000
52
697106497
34560
117
2
3371
101250
46080
37800
79200
364500
322560
11664
99840
969
36283838
546
131
323
48384
202500
3312
4680
441
480000
